K=6 ndir=96 total strictly convex lattice polygons (up to translation) = 1588952
 n   count        Z[i]: M  D  S     Z[w]: M  D  S
 3       2524         1   8   4            2   6   6
 4      29601         2   8   8            2   6  10
 5     156416         2  10  10            2   8  12
 6     406278         2  12  12            2   8  16
 7     531004         2  13  15            2  10  20
 8     345089         2  14  18            2  12  22
 9     104324         2  16  20            2  12  24
10      13148         2  18  22            2  14  26
11        564         2  20  24            2  18  26
12          4         2  24  24            2  22  26

real	0m1.116s
user	0m1.116s
sys	0m0.000s
K=7 ndir=144 total strictly convex lattice polygons (up to translation) = 13104873
 n   count        Z[i]: M  D  S     Z[w]: M  D  S
 3       4544         1   8   4            2   6   6
 4      72816         2   8   8            2   6  10
 5     533988         2  10  10            2   8  12
 6    1968032         2  12  12            2   8  16
 7    3809792         2  13  15            2  10  20
 8    3944426         2  14  18            2  11  22
 9    2136112         2  15  21            2  12  24
10     567816         2  16  24            2  14  26
11      64800         2  20  24            2  17  27
12       2527         2  22  26            2  18  30
13         20         1  29  23            2  26  26

real	0m14.045s
user	0m14.044s
sys	0m0.001s
K=8 ndir=176 total strictly convex lattice polygons (up to translation) = 100815177
 n   count        Z[i]: M  D  S     Z[w]: M  D  S
 3       7552         1   8   4            2   6   6
 4     157496         2   8   8            2   6  10
 5    1527348         2  10  10            2   8  12
 6    7612880         2  11  13            2   8  16
 7   20549836         2  12  16            2  10  20
 8   30822574         2  14  18            2  10  22
 9   25656080         2  15  21            2  12  25
10   11550020         2  16  24            2  12  28
11    2647296         2  18  26            2  14  30
12     274045         2  21  27            2  15  33
13       9980         2  25  27            2  21  31
14         70         2  28  28            2  24  32

real	2m15.838s
user	2m15.837s
sys	0m0.001s
