n=4 B=30 sets=25819; ML values in [1/(n+1),1/n):
  ML=1/5 (=0.20000)  count=2  e.g. [(1, 2, 3, 4), (1, 3, 4, 7)]
  ML=2/9 (=0.22222)  count=4  e.g. [(1, 2, 3, 8), (1, 3, 4, 5), (1, 4, 5, 6), (3, 4, 7, 11)]
  ML=5/22 (=0.22727)  count=1  e.g. [(1, 7, 8, 15)]
  ML=3/13 (=0.23077)  count=7  e.g. [(1, 2, 3, 12), (1, 4, 5, 9), (1, 6, 7, 8), (2, 3, 5, 8), (3, 5, 8, 11), (4, 5, 9, 14)]
  ML=7/30 (=0.23333)  count=1  e.g. [(3, 8, 11, 19)]
  ML=4/17 (=0.23529)  count=11  e.g. [(1, 2, 3, 16), (1, 3, 4, 14), (1, 7, 8, 9), (1, 8, 9, 10), (1, 11, 12, 23), (2, 5, 7, 12)]
  ML=9/38 (=0.23684)  count=1  e.g. [(7, 8, 15, 23)]
  ML=5/21 (=0.23810)  count=9  e.g. [(1, 2, 3, 20), (1, 10, 11, 12), (3, 5, 8, 13), (4, 9, 13, 17), (4, 13, 17, 30), (4, 15, 19, 23)]
  ML=11/46 (=0.23913)  count=1  e.g. [(8, 11, 19, 27)]
  ML=6/25 (=0.24000)  count=10  e.g. [(1, 2, 3, 24), (1, 8, 9, 17), (1, 11, 12, 13), (1, 12, 13, 14), (2, 7, 9, 16), (3, 8, 11, 14)]
  ML=7/29 (=0.24138)  count=10  e.g. [(1, 2, 3, 28), (1, 14, 15, 16), (2, 9, 11, 20), (3, 10, 13, 16), (3, 13, 16, 19), (4, 7, 11, 18)]
  ML=8/33 (=0.24242)  count=7  e.g. [(1, 15, 16, 17), (1, 16, 17, 18), (4, 21, 25, 29), (5, 14, 19, 24), (6, 7, 13, 20), (7, 13, 20, 27)]
  ML=9/37 (=0.24324)  count=10  e.g. [(1, 12, 13, 25), (1, 18, 19, 20), (2, 11, 13, 24), (3, 14, 17, 20), (3, 17, 20, 23), (5, 11, 16, 21)]
  ML=10/41 (=0.24390)  count=9  e.g. [(1, 19, 20, 21), (1, 20, 21, 22), (2, 13, 15, 28), (3, 16, 19, 22), (4, 11, 15, 26), (5, 12, 17, 29)]
  ML=11/45 (=0.24444)  count=4  e.g. [(1, 22, 23, 24), (3, 13, 16, 29), (6, 11, 17, 28), (7, 12, 19, 26)]
  ML=12/49 (=0.24490)  count=5  e.g. [(1, 23, 24, 25), (1, 24, 25, 26), (3, 20, 23, 26), (8, 11, 19, 30), (9, 11, 20, 29)]
  ML=13/53 (=0.24528)  count=4  e.g. [(1, 26, 27, 28), (3, 22, 25, 28), (5, 19, 24, 29), (7, 16, 23, 30)]
  ML=14/57 (=0.24561)  count=2  e.g. [(1, 27, 28, 29), (1, 28, 29, 30)]
  Kravitz values s/(ns+1): ['1/5', '2/9', '3/13', '4/17', '5/21']
