solutions <= 2^31: [4, 7, 15, 21, 45, 75, 105]
K  maxr  argmax  maxr/K  #near(r>=K-1) #r>=K-2  #n
 2    2          7  1.000        3        4 4
 3    3         15  1.000        4        5 8
 4    4         21  1.000        3        6 16
 5    5         45  1.000        3        9 32
 6    6         75  1.000        4        6 64
 7    6        195  0.857        2        8 128
 8    7        465  0.875        2        6 256
 9    7        525  0.778        0        4 512
10    8       1095  0.800        0        3 1024
11    9       2145  0.818        0        3 2048
12   10       4935  0.833        0        3 4096
13   11      14955  0.846        0        1 8192
14   11      18525  0.786        0        0 16384
15   11      42705  0.733        0        0 32768
16   12      80685  0.750        0        0 65536
17   13     229845  0.765        0        0 131072
18   13     267645  0.722        0        0 262144
19   13     664125  0.684        0        0 524288
20   15    1575285  0.750        0        0 1048576
21   15    2426655  0.714        0        0 2097152
22   15    4555155  0.682        0        0 4194304
23   18   15054105  0.783        0        0 8388608
24   17   20435415  0.708        0        0 16777216
25   19   53999715  0.760        0        0 33554432
26   18  101291505  0.692        0        0 67108864
27   19  194401185  0.704        0        0 134217728
28   19  335200515  0.679        0        0 268435456
29   19  994034415  0.655        0        0 536870912
30   19 1116594765  0.633        0        0 1073741824

real	0m42.939s
user	0m39.075s
sys	0m4.539s
