Solutions n>=1 with gcd(C(2n,n),105)=1 below 3^300 ~ 10^143.1 : 288835 (plus n=0).
Agreement with OEIS A030979 b-file (1374 terms, complete to 10^70): exact.
Cumulative counts: 3^10: 12; 3^20: 14; 3^30: 16; 3^40: 61; 3^50: 64; 3^60: 134; 3^70: 175; 3^80: 175; 3^90: 175; 3^100: 299; 3^110: 405; 3^120: 698; 3^130: 698; 3^140: 1373; 3^150: 1645; 3^160: 4772; 3^170: 4833; 3^180: 10000; 3^190: 10214; 3^200: 10214; 3^210: 14273; 3^220: 17041; 3^230: 24130; 3^240: 31207; 3^250: 95860; 3^260: 103470; 3^270: 103470; 3^280: 135874; 3^290: 135874; 3^300: 288835
Number of solutions per base-3 length (len:count): 1:1, 3:1, 7:2, 8:4, 9:3, 10:1, 17:2, 23:2, 31:1, 35:25, 38:19, 45:3, 53:16, 57:48, 60:6, 64:29, 67:4, 69:8, 92:119, 94:5, 102:58, 110:48, 119:293, 138:675, 149:272, 154:474, 157:2653, 162:61, 171:2749, 173:588, 177:1057, 178:773, 182:73, 187:141, 209:4059, 211:2768, 230:7089, 239:7077, 244:18134, 247:31904, 249:14615, 258:7610, 271:4387, 279:22880, 280:5137, 294:80145, 296:72816
Fraction of base-3 lengths k having >=1 solution: k in 1..100: 20/100, 101..200: 14/100, 201..300: 13/100.
Clusters (maximal runs with gaps <= sqrt n) up to 3^k: k=50:19, 100:39, 150:67, 200:193, 250:633, 300:1129.
Three largest solutions found (each ~10^142.8):
635295174132801768120615484106221843469556268379678803427540685135914124970689411864916038971297770630042769967144079911539102211312375581901
635295174132801768120615484106221843469556268379678803427540685135914124970689411864916038971297770630042769967144079911539102211312375581902
635295174132801768120615484106221843469556268379678803427540685135914124970689411864916038971297770630042769967144079911539102211312375582162

Surviving-node count per depth d for the A=300 tree (d count):
0 1
1 2
2 4
3 4
4 8
5 4
6 6
7 11
8 8
9 15
10 19
11 31
12 25
13 32
14 33
15 29
16 33
17 39
18 40
19 34
20 49
21 39
22 43
23 72
24 70
25 85
26 102
27 125
28 98
29 92
30 134
31 128
32 147
33 170
34 195
35 162
36 257
37 209
38 177
39 267
40 206
41 257
42 253
43 310
44 241
45 279
46 291
47 229
48 356
49 261
50 298
51 216
52 336
53 258
54 205
55 320
56 260
57 318
58 339
59 395
60 341
61 374
62 434
63 344
64 524
65 428
66 510
67 554
68 452
69 511
70 426
71 664
72 550
73 671
74 663
75 823
76 666
77 720
78 797
79 643
80 996
81 770
82 995
83 1071
84 847
85 970
86 1102
87 1258
88 1004
89 1660
90 1224
91 1037
92 1244
93 1307
94 1518
95 1255
96 1948
97 1512
98 1858
99 1913
100 1521
101 1761
102 1884
103 2191
104 1764
105 2832
106 2168
107 1846
108 2801
109 2179
110 2507
111 2678
112 3077
113 2358
114 2906
115 2907
116 2364
117 2821
118 2970
119 3412
120 2756
121 4368
122 3342
123 2771
124 4257
125 3388
126 3967
127 4239
128 4839
129 3830
130 4326
131 4669
132 3783
133 4510
134 4646
135 5419
136 4323
137 6811
138 5155
139 4342
140 6618
141 5279
142 6235
143 6571
144 7679
145 5992
146 6665
147 7318
148 6052
149 9713
150 7473
151 8995
152 9541
153 7711
154 8654
155 7213
156 10722
157 8562
158 10436
159 10921
160 12993
161 10313
162 11233
163 12381
164 10073
165 15801
166 12225
167 14804
168 15584
169 12583
170 14191
171 15771
172 17674
173 14134
174 23037
175 17354
176 20823
177 16424
178 17394
179 19981
180 16559
181 25642
182 19896
183 24399
184 25297
185 20534
186 23581
187 25449
188 28974
189 22769
190 36662
191 27686
192 22913
193 35259
194 27977
195 32473
196 26683
197 40987
198 31701
199 39207
200 39520
201 31940
202 37011
203 39298
204 45137
205 36072
206 57624
207 43807
208 36358
209 55484
210 43674
211 50763
212 54719
213 63441
214 49670
215 56816
216 61995
217 50115
218 59504
219 61412
220 71682
221 57375
222 90424
223 68940
224 57321
225 86707
226 68462
227 81312
228 86076
229 100575
230 78943
231 88379
232 97441
233 79091
234 125544
235 96536
236 113981
237 122554
238 143136
239 109612
240 91560
241 137008
242 107715
243 129544
244 134114
245 158089
246 124217
247 135991
248 151655
249 122775
250 192765
251 148565
252 177408
253 186898
254 149945
255 168598
256 186682
257 210093
258 166431
259 203184
260 206213
261 245865
262 194951
263 208713
264 236054
265 192463
266 299179
267 231123
268 280183
269 290111
270 233994
271 267538
272 290204
273 329523
274 261218
275 422675
276 319356
277 264115
278 407461
279 320143
280 367410
281 301009
282 461935
283 357140
284 438997
285 445602
286 358613
287 417526
288 444332
289 510156
290 406866
291 652261
292 496557
293 412627
294 632311
295 496647
296 575436
297 619472
298 707295
299 511321
300 288836
