2 1 2 one 0
2 2 1 f 2
2 3 0 sol 0
3 1 3 one 0
3 2 1 f 2
3 3 1 f 3
3 4 1 f 2
4 1 1 f 3
4 2 1 f 2
4 3 2 f 3
4 4 1 f 2
4 5 0 sol 0
5 1 3 f 5
5 2 1 f 2
5 3 1 f 3
5 4 1 f 2
5 5 1 f 5
5 6 1 f 2
6 1 1 f 3
6 2 1 f 2
6 3 1 f 5
6 4 1 f 2
6 5 2 f 5
6 6 1 f 2
6 7 1 f 3
7 1 2 f 5
7 2 1 f 2
7 3 1 f 3
7 4 1 f 2
7 5 2 f 3
7 6 1 f 2
7 7 1 f 7
7 8 1 f 2
8 1 1 f 3
8 2 1 f 2
8 3 2 f 3
8 4 1 f 2
8 5 1 f 7
8 6 1 f 2
8 7 1 f 3
8 8 1 f 2
8 9 2 f 3
9 1 1 f 7
9 2 1 f 2
9 3 1 f 3
9 4 1 f 2
9 5 1 f 5
9 6 1 f 2
9 7 1 f 11
9 8 1 f 2
9 9 1 f 3
9 10 1 f 2
10 1 1 f 3
10 2 1 f 2
10 3 1 f 5
10 4 1 f 2
10 5 1 f 13
10 6 1 f 2
10 7 1 f 3
10 8 1 f 2
10 9 2 f 3
10 10 1 f 2
10 11 3 f 13
11 1 1 f 23
11 2 1 f 2
11 3 1 f 3
11 4 1 f 2
11 5 1 f 7
11 6 1 f 2
11 7 2 f 7
11 8 1 f 2
11 9 1 f 3
11 10 1 f 2
11 11 1 f 11
11 12 1 f 2
12 1 1 f 3
12 2 1 f 2
12 3 1 f 17
12 4 1 f 2
12 5 2 f 17
12 6 1 f 2
12 7 1 f 3
12 8 1 f 2
12 9 1 f 11
12 10 1 f 2
12 11 1 f 5
12 12 1 f 2
12 13 1 f 3
13 1 2 f 19
13 2 1 f 2
13 3 1 f 3
13 4 1 f 2
13 5 1 f 5
13 6 1 f 2
13 7 1 f 7
13 8 1 f 2
13 9 1 f 3
13 10 1 f 2
13 11 1 f 59
13 12 1 f 2
13 13 1 f 13
13 14 1 f 2
14 1 1 f 3
14 2 1 f 2
14 3 1 f 5
14 4 1 f 2
14 5 1 f 7
14 6 1 f 2
14 7 1 f 3
14 8 1 f 2
14 9 1 f 37
14 10 1 f 2
14 11 1 f 13
14 12 1 f 2
14 13 1 f 3
14 14 1 f 2
14 15 1 f 19
15 1 1 f 7
15 2 1 f 2
15 3 1 f 3
15 4 1 f 2
15 5 2 f 3
15 6 1 f 2
15 7 1 f 13
15 8 1 f 2
15 9 1 f 3
15 10 1 f 2
15 11 1 f 73
15 12 1 f 2
15 13 2 f 73
15 14 1 f 2
15 15 1 f 3
15 16 1 f 2
16 1 1 f 3
16 2 1 f 2
16 3 2 f 3
16 4 1 f 2
16 5 3 f 13
16 6 1 f 2
16 7 1 f 3
16 8 1 f 2
16 9 2 f 3
16 10 1 f 2
16 11 1 f 5
16 12 1 f 2
16 13 1 f 3
16 14 1 f 2
16 15 1 f 11
16 16 1 f 2
16 17 2 f 11
17 1 2 f 53
17 2 1 f 2
17 3 1 f 3
17 4 1 f 2
17 5 1 f 5
17 6 1 f 2
17 7 1 f 23
17 8 1 f 2
17 9 1 f 3
17 10 1 f 2
17 11 1 f 19
17 12 1 f 2
17 13 1 f 47
17 14 1 f 2
17 15 1 f 3
17 16 1 f 2
17 17 1 f 11
17 18 1 f 2
18 1 1 f 3
18 2 1 f 2
18 3 1 f 5
18 4 1 f 2
18 5 2 f 5
18 6 1 f 2
18 7 1 f 3
18 8 1 f 2
18 9 2 f 3
18 10 1 f 2
18 11 5 f 17
18 12 1 f 2
18 13 1 f 3
18 14 1 f 2
18 15 1 f 7
18 16 1 f 2
18 17 1 f 317
18 18 1 f 2
18 19 1 f 3
19 1 2 f 5
19 2 1 f 2
19 3 1 f 3
19 4 1 f 2
19 5 1 f 29
19 6 1 f 2
19 7 1 f 7
19 8 1 f 2
19 9 1 f 3
19 10 1 f 2
19 11 1 f 17
19 12 1 f 2
19 13 1 f 43
19 14 1 f 2
19 15 1 f 3
19 16 1 f 2
19 17 1 f 13
19 18 1 f 2
19 19 1 f 5
19 20 1 f 2
20 1 1 f 3
20 2 1 f 2
20 3 1 f 17
20 4 1 f 2
20 5 1 f 7
20 6 1 f 2
20 7 1 f 3
20 8 1 f 2
20 9 2 f 3
20 10 1 f 2
20 11 1 f 5
20 12 1 f 2
20 13 1 f 3
20 14 1 f 2
20 15 2 f 3
20 16 1 f 2
20 17 1 f 19
20 18 1 f 2
20 19 1 f 3
20 20 1 f 2
20 21 1 f 5
21 1 1 f 7
21 2 1 f 2
21 3 1 f 3
21 4 1 f 2
21 5 1 f 5
21 6 1 f 2
21 7 1 f 53
21 8 1 f 2
21 9 1 f 3
21 10 1 f 2
21 11 1 f 11
21 12 1 f 2
21 13 1 f 19
21 14 1 f 2
21 15 1 f 3
21 16 1 f 2
21 17 1 f 67
21 18 1 f 2
21 19 2 f 67
21 20 1 f 2
21 21 1 f 3
21 22 1 f 2
22 1 1 f 3
22 2 1 f 2
22 3 1 f 5
22 4 1 f 2
22 5 1 f 13
22 6 1 f 2
22 7 1 f 3
22 8 1 f 2
22 9 1 f 11
22 10 1 f 2
22 11 1 f 181
22 12 1 f 2
22 13 1 f 3
22 14 1 f 2
22 15 1 f 463
22 16 1 f 2
22 17 2 f 463
22 18 1 f 2
22 19 1 f 3
22 20 1 f 2
22 21 1 f 7
22 22 1 f 2
22 23 1 f 5
23 1 1 f 47
23 2 1 f 2
23 3 1 f 3
23 4 1 f 2
23 5 1 f 7
23 6 1 f 2
23 7 2 f 7
23 8 1 f 2
23 9 1 f 3
23 10 1 f 2
23 11 2 f 3
23 12 1 f 2
23 13 4 f 5
23 14 1 f 2
23 15 1 f 3
23 16 1 f 2
23 17 2 f 3
23 18 1 f 2
23 19 1 f 5
23 20 1 f 2
23 21 1 f 3
23 22 1 f 2
23 23 1 f 23
23 24 1 f 2
24 1 1 f 3
24 2 1 f 2
24 3 1 f 97
24 4 1 f 2
24 5 2 f 97
24 6 1 f 2
24 7 1 f 3
24 8 1 f 2
24 9 1 f 113
24 10 1 f 2
24 11 1 f 5
24 12 1 f 2
24 13 1 f 3
24 14 1 f 2
24 15 1 f 7
24 16 1 f 2
24 17 1 f 31
24 18 1 f 2
24 19 1 f 3
24 20 1 f 2
24 21 1 f 5
24 22 1 f 2
24 23 2 f 5
24 24 1 f 2
24 25 1 f 3
25 1 1 f 31
25 2 1 f 2
25 3 1 f 3
25 4 1 f 2
25 5 1 f 5
25 6 1 f 2
25 7 1 f 7
25 8 1 f 2
25 9 1 f 3
25 10 1 f 2
25 11 1 f 41
25 12 1 f 2
25 13 1 f 13
25 14 1 f 2
25 15 1 f 3
25 16 1 f 2
25 17 1 f 17
25 18 1 f 2
25 19 1 f 37
25 20 1 f 2
25 21 1 f 3
25 22 1 f 2
25 23 1 f 61
25 24 1 f 2
25 25 1 f 5
25 26 1 f 2
26 1 1 f 3
26 2 1 f 2
26 3 1 f 5
26 4 1 f 2
26 5 1 f 7
26 6 1 f 2
26 7 1 f 3
26 8 1 f 2
26 9 1 f 23
26 10 1 f 2
26 11 1 f 13
26 12 1 f 2
26 13 1 f 3
26 14 1 f 2
26 15 1 f 11
26 16 1 f 2
26 17 2 f 11
26 18 1 f 2
26 19 1 f 3
26 20 1 f 2
26 21 1 f 883
26 22 1 f 2
26 23 1 f 5
26 24 1 f 2
26 25 1 f 3
26 26 1 f 2
26 27 2 f 3
27 1 1 f 7
27 2 1 f 2
27 3 1 f 3
27 4 1 f 2
27 5 2 f 3
27 6 1 f 2
27 7 1 f 13
27 8 1 f 2
27 9 1 f 3
27 10 1 f 2
27 11 1 f 17
27 12 1 f 2
27 13 1 f 199
27 14 1 f 2
27 15 1 f 3
27 16 1 f 2
27 17 1 f 11
27 18 1 f 2
27 19 1 f 5
27 20 1 f 2
27 21 1 f 3
27 22 1 f 2
27 23 1 f 43
27 24 1 f 2
27 25 1 f 61
27 26 1 f 2
27 27 1 f 3
27 28 1 f 2
28 1 1 f 3
28 2 1 f 2
28 3 1 f 17
28 4 1 f 2
28 5 2 f 17
28 6 1 f 2
28 7 1 f 3
28 8 1 f 2
28 9 2 f 3
28 10 1 f 2
28 11 1 f 5
28 12 1 f 2
28 13 1 f 3
28 14 1 f 2
28 15 1 f 787
28 16 1 f 2
28 17 1 f 47
28 18 1 f 2
28 19 1 f 3
28 20 1 f 2
28 21 1 f 5
28 22 1 f 2
28 23 1 f 19
28 24 1 f 2
28 25 1 f 3
28 26 1 f 2
28 27 1 f 37
28 28 1 f 2
28 29 2 f 37
29 1 1 f 233
29 2 1 f 2
29 3 1 f 3
29 4 1 f 2
29 5 1 f 5
29 6 1 f 2
29 7 1 f 11
29 8 1 f 2
29 9 1 f 3
29 10 1 f 2
29 11 1 f 643
29 12 1 f 2
29 13 2 f 643
29 14 1 f 2
29 15 1 f 3
29 16 1 f 2
29 17 1 f 31
29 18 1 f 2
29 19 1 f 7
29 20 1 f 2
29 21 1 f 3
29 22 1 f 2
29 23 1 f 41
29 24 1 f 2
29 25 1 f 5
29 26 1 f 2
29 27 1 f 3
29 28 1 f 2
29 29 1 f 11
29 30 1 f 2
30 1 1 f 3
30 2 1 f 2
30 3 1 f 5
30 4 1 f 2
30 5 2 f 5
30 6 1 f 2
30 7 1 f 3
30 8 1 f 2
30 9 2 f 3
30 10 1 f 2
30 11 7 f 113
30 12 1 f 2
30 13 1 f 3
30 14 1 f 2
30 15 1 f 7
30 16 1 f 2
30 17 2 f 7
30 18 1 f 2
30 19 1 f 3
30 20 1 f 2
30 21 2 f 3
30 22 1 f 2
30 23 1 f 5
30 24 1 f 2
30 25 1 f 3
30 26 1 f 2
30 27 1 f 29
30 28 1 f 2
30 29 1 f 7
30 30 1 f 2
30 31 1 f 3
31 1 2 f 5
31 2 1 f 2
31 3 1 f 3
31 4 1 f 2
31 5 1 f 83
31 6 1 f 2
31 7 1 f 7
31 8 1 f 2
31 9 1 f 3
31 10 1 f 2
31 11 1 f 11
31 12 1 f 2
31 13 2 f 11
31 14 1 f 2
31 15 1 f 3
31 16 1 f 2
31 17 1 f 13
31 18 1 f 2
31 19 1 f 5
31 20 1 f 2
31 21 1 f 3
31 22 1 f 2
31 23 1 f 29
31 24 1 f 2
31 25 2 f 29
31 26 1 f 2
31 27 1 f 3
31 28 1 f 2
31 29 1 f 5
31 30 1 f 2
31 31 1 f 31
31 32 1 f 2
32 1 1 f 3
32 2 1 f 2
32 3 1 f 641
32 4 1 f 2
32 5 1 f 7
32 6 1 f 2
32 7 1 f 3
32 8 1 f 2
32 9 1 f 11
32 10 1 f 2
32 11 1 f 5
32 12 1 f 2
32 13 1 f 3
32 14 1 f 2
32 15 1 f 19
32 16 1 f 2
32 17 2 f 19
32 18 1 f 2
32 19 1 f 3
32 20 1 f 2
32 21 1 f 5
32 22 1 f 2
32 23 2 f 5
32 24 1 f 2
32 25 1 f 3
32 26 1 f 2
32 27 1 f 733
32 28 1 f 2
32 29 1 f 31
32 30 1 f 2
32 31 1 f 3
32 32 1 f 2
32 33 1 f 7
33 1 1 f 7
33 2 1 f 2
33 3 1 f 3
33 4 1 f 2
33 5 1 f 5
33 6 1 f 2
33 7 1 f 251
33 8 1 f 2
33 9 1 f 3
33 10 1 f 2
33 11 1 f 73
33 12 1 f 2
33 13 1 f 43
33 14 1 f 2
33 15 1 f 3
33 16 1 f 2
33 17 1 f 17
33 18 1 f 2
33 19 2 f 17
33 20 1 f 2
33 21 1 f 3
33 22 1 f 2
33 23 1 f 13
33 24 1 f 2
33 25 1 f 5
33 26 1 f 2
33 27 1 f 3
33 28 1 f 2
33 29 1 f 7
33 30 1 f 2
33 31 2 f 7
33 32 1 f 2
33 33 1 f 3
33 34 1 f 2
34 1 1 f 3
34 2 1 f 2
34 3 1 f 5
34 4 1 f 2
34 5 1 f 13
34 6 1 f 2
34 7 1 f 3
34 8 1 f 2
34 9 1 f 211
34 10 1 f 2
34 11 1 f 37
34 12 1 f 2
34 13 1 f 3
34 14 1 f 2
34 15 1 f 17
34 16 1 f 2
34 17 1 f 31
34 18 1 f 2
34 19 1 f 3
34 20 1 f 2
34 21 1 f 7
34 22 1 f 2
34 23 1 f 5
34 24 1 f 2
34 25 1 f 3
34 26 1 f 2
34 27 2 f 3
34 28 1 f 2
34 29 1 f 109
34 30 1 f 2
34 31 1 f 3
34 32 1 f 2
34 33 1 f 5
34 34 1 f 2
34 35 1 f 7
35 1 1 f 31
35 2 1 f 2
35 3 1 f 3
35 4 1 f 2
35 5 1 f 7
35 6 1 f 2
35 7 1 f 59
35 8 1 f 2
35 9 1 f 3
35 10 1 f 2
35 11 1 f 17
35 12 1 f 2
35 13 1 f 97
35 14 1 f 2
35 15 1 f 3
35 16 1 f 2
35 17 1 f 163
35 18 1 f 2
35 19 1 f 5
35 20 1 f 2
35 21 1 f 3
35 22 1 f 2
35 23 2 f 3
35 24 1 f 2
35 25 1 f 11
35 26 1 f 2
35 27 1 f 3
35 28 1 f 2
35 29 1 f 5
35 30 1 f 2
35 31 1 f 673
35 32 1 f 2
35 33 1 f 3
35 34 1 f 2
35 35 2 f 3
35 36 1 f 2
36 1 1 f 3
36 2 1 f 2
36 3 1 f 17
36 4 1 f 2
36 5 1 f 61
36 6 1 f 2
36 7 1 f 3
36 8 1 f 2
36 9 2 f 3
36 10 1 f 2
36 11 1 f 5
36 12 1 f 2
36 13 1 f 3
36 14 1 f 2
36 15 1 f 7
36 16 1 f 2
36 17 1 f 23
36 18 1 f 2
36 19 1 f 3
36 20 1 f 2
36 21 1 f 5
36 22 1 f 2
36 23 1 f 173
36 24 1 f 2
36 25 1 f 3
36 26 1 f 2
36 27 1 f 13
36 28 1 f 2
36 29 1 f 7
36 30 1 f 2
36 31 1 f 3
36 32 1 f 2
36 33 2 f 3
36 34 1 f 2
36 35 1 f 47
36 36 1 f 2
36 37 1 f 3
37 1 1 f 223
37 2 1 f 2
37 3 1 f 3
37 4 1 f 2
37 5 1 f 5
37 6 1 f 2
37 7 1 f 7
37 8 1 f 2
37 9 1 f 3
37 10 1 f 2
37 11 2 f 3
37 12 1 f 2
37 13 1 f 13
37 14 1 f 2
37 15 1 f 3
37 16 1 f 2
37 17 1 f 11
37 18 1 f 2
37 19 1 f 19
37 20 1 f 2
37 21 1 f 3
37 22 1 f 2
37 23 1 f 439
37 24 1 f 2
37 25 1 f 5
37 26 1 f 2
37 27 1 f 3
37 28 1 f 2
37 29 1 f 31
37 30 1 f 2
37 31 2 f 31
37 32 1 f 2
37 33 1 f 3
37 34 1 f 2
37 35 1 f 5
37 36 1 f 2
37 37 1 f 37
37 38 1 f 2
38 1 1 f 3
38 2 1 f 2
38 3 1 f 5
38 4 1 f 2
38 5 1 f 7
38 6 1 f 2
38 7 1 f 3
38 8 1 f 2
38 9 2 f 3
38 10 1 f 2
38 11 1 f 13
38 12 1 f 2
38 13 1 f 3
38 14 1 f 2
38 15 2 f 3
38 16 1 f 2
38 17 1 f 19
38 18 1 f 2
38 19 1 f 3
38 20 1 f 2
38 21 1 f 11
38 22 1 f 2
38 23 1 f 5
38 24 1 f 2
38 25 1 f 3
38 26 1 f 2
38 27 2 f 3
38 28 1 f 2
38 29 1 f 499
38 30 1 f 2
38 31 1 f 3
38 32 1 f 2
38 33 1 f 5
38 34 1 f 2
38 35 1 f 37
38 36 1 f 2
38 37 1 f 3
38 38 1 f 2
38 39 1 f 23
39 1 1 f 7
39 2 1 f 2
39 3 1 f 3
39 4 1 f 2
39 5 2 f 3
39 6 1 f 2
39 7 1 f 11
39 8 1 f 2
39 9 1 f 3
39 10 1 f 2
39 11 1 f 547
39 12 1 f 2
39 13 1 f 19
39 14 1 f 2
39 15 1 f 3
39 16 1 f 2
39 17 1 f 31
39 18 1 f 2
39 19 1 f 5
39 20 1 f 2
39 21 1 f 3
39 22 1 f 2
39 23 1 f 59
39 24 1 f 2
39 25 2 f 59
39 26 1 f 2
39 27 1 f 3
39 28 1 f 2
39 29 1 f 5
39 30 1 f 2
39 31 1 f 37
39 32 1 f 2
39 33 1 f 3
39 34 1 f 2
39 35 1 f 107
39 36 1 f 2
39 37 2 f 107
39 38 1 f 2
39 39 1 f 3
39 40 1 f 2
40 1 1 f 3
40 2 1 f 2
40 3 1 f 257
40 4 1 f 2
40 5 1 f 19
40 6 1 f 2
40 7 1 f 3
40 8 1 f 2
40 9 1 f 53
40 10 1 f 2
40 11 1 f 5
40 12 1 f 2
40 13 1 f 3
40 14 1 f 2
40 15 1 f 277
40 16 1 f 2
40 17 2 f 277
40 18 1 f 2
40 19 1 f 3
40 20 1 f 2
40 21 1 f 5
40 22 1 f 2
40 23 1 f 11
40 24 1 f 2
40 25 1 f 3
40 26 1 f 2
40 27 2 f 3
40 28 1 f 2
40 29 3 f 11
40 30 1 f 2
40 31 1 f 3
40 32 1 f 2
40 33 2 f 3
40 34 1 f 2
40 35 1 f 7
40 36 1 f 2
40 37 1 f 3
40 38 1 f 2
40 39 2 f 3
40 40 1 f 2
40 41 1 f 5
41 1 2 f 23
41 2 1 f 2
41 3 1 f 3
41 4 1 f 2
41 5 1 f 5
41 6 1 f 2
41 7 1 f 37
41 8 1 f 2
41 9 1 f 3
41 10 1 f 2
41 11 1 f 11
41 12 1 f 2
41 13 1 f 89
41 14 1 f 2
41 15 1 f 3
41 16 1 f 2
41 17 1 f 17
41 18 1 f 2
41 19 1 f 7
41 20 1 f 2
41 21 1 f 3
41 22 1 f 2
41 23 1 f 43
41 24 1 f 2
41 25 1 f 5
41 26 1 f 2
41 27 1 f 3
41 28 1 f 2
41 29 2 f 3
41 30 1 f 2
41 31 1 f 31
41 32 1 f 2
41 33 1 f 3
41 34 1 f 2
41 35 1 f 5
41 36 1 f 2
41 37 1 f 61
41 38 1 f 2
41 39 1 f 3
41 40 1 f 2
41 41 1 f 41
41 42 1 f 2
42 1 1 f 3
42 2 1 f 2
42 3 1 f 5
42 4 1 f 2
42 5 1 f 307
42 6 1 f 2
42 7 1 f 3
42 8 1 f 2
42 9 1 f 11
42 10 1 f 2
42 11 1 f 61
42 12 1 f 2
42 13 1 f 3
42 14 1 f 2
42 15 1 f 7
42 16 1 f 2
42 17 2 f 7
42 18 1 f 2
42 19 1 f 3
42 20 1 f 2
42 21 1 f 557
42 22 1 f 2
42 23 1 f 5
42 24 1 f 2
42 25 1 f 3
42 26 1 f 2
42 27 1 f 181
42 28 1 f 2
42 29 1 f 7
42 30 1 f 2
42 31 1 f 3
42 32 1 f 2
42 33 1 f 5
42 34 1 f 2
42 35 2 f 5
42 36 1 f 2
42 37 1 f 3
42 38 1 f 2
42 39 1 f 41
42 40 1 f 2
42 41 2 f 41
42 42 1 f 2
42 43 1 f 3
43 1 1 f 431
43 2 1 f 2
43 3 1 f 3
43 4 1 f 2
43 5 1 f 11
43 6 1 f 2
43 7 1 f 7
43 8 1 f 2
43 9 1 f 3
43 10 1 f 2
43 11 1 f 17
43 12 1 f 2
43 13 1 f 23
43 14 1 f 2
43 15 1 f 3
43 16 1 f 2
43 17 1 f 13
43 18 1 f 2
43 19 1 f 5
43 20 1 f 2
43 21 1 f 3
43 22 1 f 2
43 23 1 f 673
43 24 1 f 2
43 25 1 f 31
43 26 1 f 2
43 27 1 f 3
43 28 1 f 2
43 29 1 f 5
43 30 1 f 2
43 31 2 f 5
43 32 1 f 2
43 33 1 f 3
43 34 1 f 2
43 35 1 f 7
43 36 1 f 2
43 37 1 f 103
43 38 1 f 2
43 39 1 f 3
43 40 1 f 2
43 41 2 f 3
43 42 1 f 2
43 43 1 f 13
43 44 1 f 2
44 1 1 f 3
44 2 1 f 2
44 3 1 f 17
44 4 1 f 2
44 5 1 f 7
44 6 1 f 2
44 7 1 f 3
44 8 1 f 2
44 9 2 f 3
44 10 1 f 2
44 11 1 f 5
44 12 1 f 2
44 13 1 f 3
44 14 1 f 2
44 15 1 f 173
44 16 1 f 2
44 17 1 f 31
44 18 1 f 2
44 19 1 f 3
44 20 1 f 2
44 21 1 f 5
44 22 1 f 2
44 23 2 f 5
44 24 1 f 2
44 25 1 f 3
44 26 1 f 2
44 27 1 f 41
44 28 1 f 2
44 29 2 f 41
44 30 1 f 2
44 31 1 f 3
44 32 1 f 2
44 33 1 f 7
44 34 1 f 2
44 35 1 f 29
44 36 1 f 2
44 37 1 f 3
44 38 1 f 2
44 39 1 f 199
44 40 1 f 2
44 41 1 f 5
44 42 1 f 2
44 43 1 f 3
44 44 1 f 2
44 45 1 f 13
45 1 1 f 7
45 2 1 f 2
45 3 1 f 3
45 4 1 f 2
45 5 1 f 5
45 6 1 f 2
45 7 2 f 5
45 8 1 f 2
45 9 1 f 3
45 10 1 f 2
45 11 1 f 41
45 12 1 f 2
45 13 1 f 61
45 14 1 f 2
45 15 1 f 3
45 16 1 f 2
45 17 1 f 79
45 18 1 f 2
45 19 2 f 79
45 20 1 f 2
45 21 1 f 3
45 22 1 f 2
45 23 1 f 13
45 24 1 f 2
45 25 1 f 5
45 26 1 f 2
45 27 1 f 3
45 28 1 f 2
45 29 1 f 7
45 30 1 f 2
45 31 1 f 547
45 32 1 f 2
45 33 1 f 3
45 34 1 f 2
45 35 1 f 5
45 36 1 f 2
45 37 1 f 43
45 38 1 f 2
45 39 1 f 3
45 40 1 f 2
45 41 1 f 19
45 42 1 f 2
45 43 1 f 7
45 44 1 f 2
45 45 1 f 3
45 46 1 f 2
46 1 1 f 3
46 2 1 f 2
46 3 1 f 5
46 4 1 f 2
46 5 1 f 13
46 6 1 f 2
46 7 1 f 3
46 8 1 f 2
46 9 2 f 3
46 10 1 f 2
46 11 3 f 13
46 12 1 f 2
46 13 1 f 3
46 14 1 f 2
46 15 1 f 11
46 16 1 f 2
46 17 2 f 11
46 18 1 f 2
46 19 1 f 3
46 20 1 f 2
46 21 1 f 7
46 22 1 f 2
46 23 1 f 5
46 24 1 f 2
46 25 1 f 3
46 26 1 f 2
46 27 2 f 3
46 28 1 f 2
46 29 1 f 43
46 30 1 f 2
46 31 1 f 3
46 32 1 f 2
46 33 1 f 5
46 34 1 f 2
46 35 1 f 7
46 36 1 f 2
46 37 1 f 3
46 38 1 f 2
46 39 2 f 3
46 40 1 f 2
46 41 3 f 7
46 42 1 f 2
46 43 1 f 3
46 44 1 f 2
46 45 1 f 139
46 46 1 f 2
46 47 1 f 29
47 1 2 f 5
47 2 1 f 2
47 3 1 f 3
47 4 1 f 2
47 5 1 f 7
47 6 1 f 2
47 7 2 f 7
47 8 1 f 2
47 9 1 f 3
47 10 1 f 2
47 11 2 f 3
47 12 1 f 2
47 13 1 f 43
47 14 1 f 2
47 15 1 f 3
47 16 1 f 2
47 17 1 f 11
47 18 1 f 2
47 19 1 f 5
47 20 1 f 2
47 21 1 f 3
47 22 1 f 2
47 23 2 f 3
47 24 1 f 2
47 25 1 f 19
47 26 1 f 2
47 27 1 f 3
47 28 1 f 2
47 29 1 f 5
47 30 1 f 2
47 31 2 f 5
47 32 1 f 2
47 33 1 f 3
47 34 1 f 2
47 35 2 f 3
47 36 1 f 2
47 37 1 f 347
47 38 1 f 2
47 39 1 f 3
47 40 1 f 2
47 41 2 f 3
47 42 1 f 2
47 43 3 f 347
47 44 1 f 2
47 45 1 f 3
47 46 1 f 2
47 47 1 f 7
47 48 1 f 2
48 1 1 f 3
48 2 1 f 2
48 3 1 f 193
48 4 1 f 2
48 5 1 f 853
48 6 1 f 2
48 7 1 f 3
48 8 1 f 2
48 9 1 f 23
48 10 1 f 2
48 11 1 f 5
48 12 1 f 2
48 13 1 f 3
48 14 1 f 2
48 15 1 f 7
48 16 1 f 2
48 17 2 f 7
48 18 1 f 2
48 19 1 f 3
48 20 1 f 2
48 21 1 f 5
48 22 1 f 2
48 23 2 f 5
48 24 1 f 2
48 25 1 f 3
48 26 1 f 2
48 27 1 f 13
48 28 1 f 2
48 29 1 f 7
48 30 1 f 2
48 31 1 f 3
48 32 1 f 2
48 33 1 f 41
48 34 1 f 2
48 35 1 f 17
48 36 1 f 2
48 37 1 f 3
48 38 1 f 2
48 39 2 f 3
48 40 1 f 2
48 41 1 f 5
48 42 1 f 2
48 43 1 f 3
48 44 1 f 2
48 45 1 f 47
48 46 1 f 2
48 47 1 f 83
48 48 1 f 2
48 49 1 f 3
49 1 1 f 127
49 2 1 f 2
49 3 1 f 3
49 4 1 f 2
49 5 1 f 5
49 6 1 f 2
49 7 1 f 7
49 8 1 f 2
49 9 1 f 3
49 10 1 f 2
49 11 2 f 3
49 12 1 f 2
49 13 1 f 13
49 14 1 f 2
49 15 1 f 3
49 16 1 f 2
49 17 1 f 17
49 18 1 f 2
49 19 1 f 71
49 20 1 f 2
49 21 1 f 3
49 22 1 f 2
49 23 1 f 41
49 24 1 f 2
49 25 1 f 5
49 26 1 f 2
49 27 1 f 3
49 28 1 f 2
49 29 1 f 11
49 30 1 f 2
49 31 1 f 571
49 32 1 f 2
49 33 1 f 3
49 34 1 f 2
49 35 1 f 5
49 36 1 f 2
49 37 1 f 19
49 38 1 f 2
49 39 1 f 3
49 40 1 f 2
49 41 1 f 47
49 42 1 f 2
49 43 1 f 29
49 44 1 f 2
49 45 1 f 3
49 46 1 f 2
49 47 1 f 293
49 48 1 f 2
49 49 1 f 7
49 50 1 f 2
50 1 1 f 3
50 2 1 f 2
50 3 1 f 5
50 4 1 f 2
50 5 1 f 7
50 6 1 f 2
50 7 1 f 3
50 8 1 f 2
50 9 1 f 37
50 10 1 f 2
50 11 1 f 13
50 12 1 f 2
50 13 1 f 3
50 14 1 f 2
50 15 1 f 17
50 16 1 f 2
50 17 1 f 773
50 18 1 f 2
50 19 1 f 3
50 20 1 f 2
50 21 2 f 3
50 22 1 f 2
50 23 1 f 5
50 24 1 f 2
50 25 1 f 3
50 26 1 f 2
50 27 1 f 89
50 28 1 f 2
50 29 2 f 89
50 30 1 f 2
50 31 1 f 3
50 32 1 f 2
50 33 1 f 5
50 34 1 f 2
50 35 2 f 5
50 36 1 f 2
50 37 1 f 3
50 38 1 f 2
50 39 1 f 191
50 40 1 f 2
50 41 1 f 157
50 42 1 f 2
50 43 1 f 3
50 44 1 f 2
50 45 1 f 11
50 46 1 f 2
50 47 1 f 7
50 48 1 f 2
50 49 1 f 3
50 50 1 f 2
50 51 2 f 3
51 1 1 f 7
51 2 1 f 2
51 3 1 f 3
51 4 1 f 2
51 5 1 f 967
51 6 1 f 2
51 7 1 f 13
51 8 1 f 2
51 9 1 f 3
51 10 1 f 2
51 11 1 f 11
51 12 1 f 2
51 13 2 f 11
51 14 1 f 2
51 15 1 f 3
51 16 1 f 2
51 17 1 f 47
51 18 1 f 2
51 19 1 f 5
51 20 1 f 2
51 21 1 f 3
51 22 1 f 2
51 23 2 f 3
51 24 1 f 2
51 25 3 f 5
51 26 1 f 2
51 27 1 f 3
51 28 1 f 2
51 29 1 f 5
51 30 1 f 2
51 31 1 f 31
51 32 1 f 2
51 33 1 f 3
51 34 1 f 2
51 35 1 f 23
51 36 1 f 2
51 37 2 f 23
51 38 1 f 2
51 39 1 f 3
51 40 1 f 2
51 41 2 f 3
51 42 1 f 2
51 43 1 f 7
51 44 1 f 2
51 45 1 f 3
51 46 1 f 2
51 47 1 f 19
51 48 1 f 2
51 49 1 f 5
51 50 1 f 2
51 51 1 f 3
51 52 1 f 2
52 1 1 f 3
52 2 1 f 2
52 3 1 f 17
52 4 1 f 2
52 5 1 f 373
52 6 1 f 2
52 7 1 f 3
52 8 1 f 2
52 9 1 f 11
52 10 1 f 2
52 11 1 f 5
52 12 1 f 2
52 13 1 f 3
52 14 1 f 2
52 15 1 f 67
52 16 1 f 2
52 17 1 f 421
52 18 1 f 2
52 19 1 f 3
52 20 1 f 2
52 21 1 f 5
52 22 1 f 2
52 23 2 f 5
52 24 1 f 2
52 25 1 f 3
52 26 1 f 2
52 27 1 f 929
52 28 1 f 2
52 29 1 f 31
52 30 1 f 2
52 31 1 f 3
52 32 1 f 2
52 33 2 f 3
52 34 1 f 2
52 35 1 f 7
52 36 1 f 2
52 37 1 f 3
52 38 1 f 2
52 39 2 f 3
52 40 1 f 2
52 41 1 f 5
52 42 1 f 2
52 43 1 f 3
52 44 1 f 2
52 45 1 f 23
52 46 1 f 2
52 47 1 f 41
52 48 1 f 2
52 49 1 f 3
52 50 1 f 2
52 51 1 f 5
52 52 1 f 2
52 53 1 f 11
53 1 3 f 5
53 2 1 f 2
53 3 1 f 3
53 4 1 f 2
53 5 1 f 5
53 6 1 f 2
53 7 2 f 5
53 8 1 f 2
53 9 1 f 3
53 10 1 f 2
53 11 1 f 19
53 12 1 f 2
53 13 2 f 19
53 14 1 f 2
53 15 1 f 3
53 16 1 f 2
53 17 1 f 131
53 18 1 f 2
53 19 1 f 7
53 20 1 f 2
53 21 1 f 3
53 22 1 f 2
53 23 1 f 229
53 24 1 f 2
53 25 1 f 5
53 26 1 f 2
53 27 1 f 3
53 28 1 f 2
53 29 1 f 197
53 30 1 f 2
53 31 1 f 83
53 32 1 f 2
53 33 1 f 3
53 34 1 f 2
53 35 1 f 5
53 36 1 f 2
53 37 1 f 59
53 38 1 f 2
53 39 1 f 3
53 40 1 f 2
53 41 1 f 199
53 42 1 f 2
53 43 2 f 199
53 44 1 f 2
53 45 1 f 3
53 46 1 f 2
53 47 1 f 7
53 48 1 f 2
53 49 1 f 11
53 50 1 f 2
53 51 1 f 3
53 52 1 f 2
53 53 1 f 53
53 54 1 f 2
54 1 1 f 3
54 2 1 f 2
54 3 1 f 5
54 4 1 f 2
54 5 2 f 5
54 6 1 f 2
54 7 1 f 3
54 8 1 f 2
54 9 1 f 29
54 10 1 f 2
54 11 2 f 29
54 12 1 f 2
54 13 1 f 3
54 14 1 f 2
54 15 1 f 7
54 16 1 f 2
54 17 1 f 31
54 18 1 f 2
54 19 1 f 3
54 20 1 f 2
54 21 1 f 191
54 22 1 f 2
54 23 1 f 5
54 24 1 f 2
54 25 1 f 3
54 26 1 f 2
54 27 2 f 3
54 28 1 f 2
54 29 1 f 7
54 30 1 f 2
54 31 1 f 3
54 32 1 f 2
54 33 1 f 5
54 34 1 f 2
54 35 1 f 97
54 36 1 f 2
54 37 1 f 3
54 38 1 f 2
54 39 1 f 19
54 40 1 f 2
54 41 1 f 11
54 42 1 f 2
54 43 1 f 3
54 44 1 f 2
54 45 2 f 3
54 46 1 f 2
54 47 3 f 11
54 48 1 f 2
54 49 1 f 3
54 50 1 f 2
54 51 1 f 53
54 52 1 f 2
54 53 1 f 5
54 54 1 f 2
54 55 1 f 3
55 1 1 f 23
55 2 1 f 2
55 3 1 f 3
55 4 1 f 2
55 5 2 f 3
55 6 1 f 2
55 7 1 f 7
55 8 1 f 2
55 9 1 f 3
55 10 1 f 2
55 11 2 f 3
55 12 1 f 2
55 13 3 f 7
55 14 1 f 2
55 15 1 f 3
55 16 1 f 2
55 17 1 f 13
55 18 1 f 2
55 19 1 f 5
55 20 1 f 2
55 21 1 f 3
55 22 1 f 2
55 23 1 f 43
55 24 1 f 2
55 25 1 f 11
55 26 1 f 2
55 27 1 f 3
55 28 1 f 2
55 29 1 f 5
55 30 1 f 2
55 31 1 f 233
55 32 1 f 2
55 33 1 f 3
55 34 1 f 2
55 35 1 f 7
55 36 1 f 2
55 37 2 f 7
55 38 1 f 2
55 39 1 f 3
55 40 1 f 2
55 41 1 f 37
55 42 1 f 2
55 43 1 f 13
55 44 1 f 2
55 45 1 f 3
55 46 1 f 2
55 47 1 f 11
55 48 1 f 2
55 49 1 f 5
55 50 1 f 2
55 51 1 f 3
55 52 1 f 2
55 53 2 f 3
55 54 1 f 2
55 55 1 f 227
55 56 1 f 2
56 1 1 f 3
56 2 1 f 2
56 3 1 f 257
56 4 1 f 2
56 5 1 f 7
56 6 1 f 2
56 7 1 f 3
56 8 1 f 2
56 9 1 f 67
56 10 1 f 2
56 11 1 f 5
56 12 1 f 2
56 13 1 f 3
56 14 1 f 2
56 15 1 f 11
56 16 1 f 2
56 17 1 f 19
56 18 1 f 2
56 19 1 f 3
56 20 1 f 2
56 21 1 f 5
56 22 1 f 2
56 23 1 f 23
56 24 1 f 2
56 25 1 f 3
56 26 1 f 2
56 27 2 f 3
56 28 1 f 2
56 29 3 f 23
56 30 1 f 2
56 31 1 f 3
56 32 1 f 2
56 33 1 f 7
56 34 1 f 2
56 35 1 f 17
56 36 1 f 2
56 37 1 f 3
56 38 1 f 2
56 39 1 f 53
56 40 1 f 2
56 41 1 f 5
56 42 1 f 2
56 43 1 f 3
56 44 1 f 2
56 45 1 f 13
56 46 1 f 2
56 47 1 f 7
56 48 1 f 2
56 49 1 f 3
56 50 1 f 2
56 51 1 f 5
56 52 1 f 2
56 53 2 f 5
56 54 1 f 2
56 55 1 f 3
56 56 1 f 2
56 57 2 f 3
57 1 1 f 7
57 2 1 f 2
57 3 1 f 3
57 4 1 f 2
57 5 1 f 5
57 6 1 f 2
57 7 1 f 41
57 8 1 f 2
57 9 1 f 3
57 10 1 f 2
57 11 2 f 3
57 12 1 f 2
57 13 1 f 19
57 14 1 f 2
57 15 1 f 3
57 16 1 f 2
57 17 1 f 11
57 18 1 f 2
57 19 2 f 11
57 20 1 f 2
57 21 1 f 3
57 22 1 f 2
57 23 1 f 13
57 24 1 f 2
57 25 1 f 5
57 26 1 f 2
57 27 1 f 3
57 28 1 f 2
57 29 1 f 7
57 30 1 f 2
57 31 1 f 59
57 32 1 f 2
57 33 1 f 3
57 34 1 f 2
57 35 1 f 5
57 36 1 f 2
57 37 2 f 5
57 38 1 f 2
57 39 1 f 3
57 40 1 f 2
57 41 1 f 103
57 42 1 f 2
57 43 1 f 7
57 44 1 f 2
57 45 1 f 3
57 46 1 f 2
57 47 1 f 37
57 48 1 f 2
57 49 1 f 13
57 50 1 f 2
57 51 1 f 3
57 52 1 f 2
57 53 2 f 3
57 54 1 f 2
57 55 1 f 5
57 56 1 f 2
57 57 1 f 3
57 58 1 f 2
58 1 1 f 3
58 2 1 f 2
58 3 1 f 5
58 4 1 f 2
58 5 1 f 13
58 6 1 f 2
58 7 1 f 3
58 8 1 f 2
58 9 2 f 3
58 10 1 f 2
58 11 1 f 877
58 12 1 f 2
58 13 1 f 3
58 14 1 f 2
58 15 1 f 17
58 16 1 f 2
58 17 1 f 23
58 18 1 f 2
58 19 1 f 3
58 20 1 f 2
58 21 1 f 7
58 22 1 f 2
58 23 1 f 5
58 24 1 f 2
58 25 1 f 3
58 26 1 f 2
58 27 1 f 29
58 28 1 f 2
58 29 2 f 29
58 30 1 f 2
58 31 1 f 3
58 32 1 f 2
58 33 1 f 5
58 34 1 f 2
58 35 1 f 7
58 36 1 f 2
58 37 1 f 3
58 38 1 f 2
58 39 2 f 3
58 40 1 f 2
58 41 1 f 43
58 42 1 f 2
58 43 1 f 3
58 44 1 f 2
58 45 1 f 97
58 46 1 f 2
58 47 2 f 97
58 48 1 f 2
58 49 1 f 3
58 50 1 f 2
58 51 2 f 3
58 52 1 f 2
58 53 1 f 5
58 54 1 f 2
58 55 1 f 3
58 56 1 f 2
58 57 1 f 13
58 58 1 f 2
58 59 1 f 73
59 1 2 f 5
59 2 1 f 2
59 3 1 f 3
59 4 1 f 2
59 5 1 f 7
59 6 1 f 2
59 7 1 f 11
59 8 1 f 2
59 9 1 f 3
59 10 1 f 2
59 11 1 f 17
59 12 1 f 2
59 13 1 f 373
59 14 1 f 2
59 15 1 f 3
59 16 1 f 2
59 17 1 f 31
59 18 1 f 2
59 19 1 f 5
59 20 1 f 2
59 21 1 f 3
59 22 1 f 2
59 23 1 f 29
59 24 1 f 2
59 25 2 f 29
59 26 1 f 2
59 27 1 f 3
59 28 1 f 2
59 29 1 f 5
59 30 1 f 2
59 31 1 f 157
59 32 1 f 2
59 33 1 f 3
59 34 1 f 2
59 35 1 f 47
59 36 1 f 2
59 37 1 f 43
59 38 1 f 2
59 39 1 f 3
59 40 1 f 2
59 41 2 f 3
59 42 1 f 2
59 43 1 f 73
59 44 1 f 2
59 45 1 f 3
59 46 1 f 2
59 47 1 f 7
59 48 1 f 2
59 49 1 f 5
59 50 1 f 2
59 51 1 f 3
59 52 1 f 2
59 53 1 f 271
59 54 1 f 2
59 55 1 f 23
59 56 1 f 2
59 57 1 f 3
59 58 1 f 2
59 59 1 f 5
59 60 1 f 2
60 1 1 f 3
60 2 1 f 2
60 3 1 f 17
60 4 1 f 2
60 5 1 f 103
60 6 1 f 2
60 7 1 f 3
60 8 1 f 2
60 9 2 f 3
60 10 1 f 2
60 11 1 f 5
60 12 1 f 2
60 13 1 f 3
60 14 1 f 2
60 15 1 f 7
60 16 1 f 2
60 17 1 f 383
60 18 1 f 2
60 19 1 f 3
60 20 1 f 2
60 21 1 f 5
60 22 1 f 2
60 23 1 f 11
60 24 1 f 2
60 25 1 f 3
60 26 1 f 2
60 27 1 f 13
60 28 1 f 2
60 29 1 f 7
60 30 1 f 2
60 31 1 f 3
60 32 1 f 2
60 33 1 f 19
60 34 1 f 2
60 35 2 f 19
60 36 1 f 2
60 37 1 f 3
60 38 1 f 2
60 39 1 f 23
60 40 1 f 2
60 41 1 f 5
60 42 1 f 2
60 43 1 f 3
60 44 1 f 2
60 45 1 f 11
60 46 1 f 2
60 47 1 f 67
60 48 1 f 2
60 49 1 f 3
60 50 1 f 2
60 51 1 f 5
60 52 1 f 2
60 53 1 f 13
60 54 1 f 2
60 55 1 f 3
60 56 1 f 2
60 57 1 f 7
60 58 1 f 2
60 59 1 f 89
60 60 1 f 2
60 61 1 f 3
61 1 2 f 29
61 2 1 f 2
61 3 1 f 3
61 4 1 f 2
61 5 1 f 5
61 6 1 f 2
61 7 1 f 7
61 8 1 f 2
61 9 1 f 3
61 10 1 f 2
61 11 1 f 11
61 12 1 f 2
61 13 1 f 13
61 14 1 f 2
61 15 1 f 3
61 16 1 f 2
61 17 2 f 3
61 18 1 f 2
61 19 1 f 37
61 20 1 f 2
61 21 1 f 3
61 22 1 f 2
61 23 2 f 3
61 24 1 f 2
61 25 1 f 5
61 26 1 f 2
61 27 1 f 3
61 28 1 f 2
61 29 1 f 727
61 30 1 f 2
61 31 1 f 31
61 32 1 f 2
61 33 1 f 3
61 34 1 f 2
61 35 1 f 5
61 36 1 f 2
61 37 2 f 5
61 38 1 f 2
61 39 1 f 3
61 40 1 f 2
61 41 1 f 41
61 42 1 f 2
61 43 1 f 131
61 44 1 f 2
61 45 1 f 3
61 46 1 f 2
61 47 2 f 3
61 48 1 f 2
61 49 1 f 7
61 50 1 f 2
61 51 1 f 3
61 52 1 f 2
61 53 1 f 23
61 54 1 f 2
61 55 1 f 5
61 56 1 f 2
61 57 1 f 3
61 58 1 f 2
61 59 2 f 3
61 60 1 f 2
61 61 1 f 61
61 62 1 f 2
62 1 1 f 3
62 2 1 f 2
62 3 1 f 5
62 4 1 f 2
62 5 1 f 7
62 6 1 f 2
62 7 1 f 3
62 8 1 f 2
62 9 1 f 11
62 10 1 f 2
62 11 1 f 13
62 12 1 f 2
62 13 1 f 3
62 14 1 f 2
62 15 2 f 3
62 16 1 f 2
62 17 3 f 13
62 18 1 f 2
62 19 1 f 3
62 20 1 f 2
62 21 1 f 479
62 22 1 f 2
62 23 1 f 5
62 24 1 f 2
62 25 1 f 3
62 26 1 f 2
62 27 2 f 3
62 28 1 f 2
62 29 1 f 31
62 30 1 f 2
62 31 1 f 3
62 32 1 f 2
62 33 1 f 5
62 34 1 f 2
62 35 1 f 23
62 36 1 f 2
62 37 1 f 3
62 38 1 f 2
62 39 1 f 41
62 40 1 f 2
62 41 1 f 757
62 42 1 f 2
62 43 1 f 3
62 44 1 f 2
62 45 1 f 59
62 46 1 f 2
62 47 1 f 7
62 48 1 f 2
62 49 1 f 3
62 50 1 f 2
62 51 1 f 113
62 52 1 f 2
62 53 1 f 5
62 54 1 f 2
62 55 1 f 3
62 56 1 f 2
62 57 1 f 17
62 58 1 f 2
62 59 1 f 61
62 60 1 f 2
62 61 1 f 3
62 62 1 f 2
62 63 1 f 5
63 1 1 f 7
63 2 1 f 2
63 3 1 f 3
63 4 1 f 2
63 5 1 f 11
63 6 1 f 2
63 7 1 f 13
63 8 1 f 2
63 9 1 f 3
63 10 1 f 2
63 11 2 f 3
63 12 1 f 2
63 13 1 f 47
63 14 1 f 2
63 15 1 f 3
63 16 1 f 2
63 17 2 f 3
63 18 1 f 2
63 19 1 f 5
63 20 1 f 2
63 21 1 f 3
63 22 1 f 2
63 23 2 f 3
63 24 1 f 2
63 25 1 f 31
63 26 1 f 2
63 27 1 f 3
63 28 1 f 2
63 29 1 f 5
63 30 1 f 2
63 31 2 f 5
63 32 1 f 2
63 33 1 f 3
63 34 1 f 2
63 35 1 f 41
63 36 1 f 2
63 37 1 f 367
63 38 1 f 2
63 39 1 f 3
63 40 1 f 2
63 41 1 f 19
63 42 1 f 2
63 43 1 f 7
63 44 1 f 2
63 45 1 f 3
63 46 1 f 2
63 47 1 f 449
63 48 1 f 2
63 49 1 f 5
63 50 1 f 2
63 51 1 f 3
63 52 1 f 2
63 53 1 f 277
63 54 1 f 2
63 55 1 f 61
63 56 1 f 2
63 57 1 f 3
63 58 1 f 2
63 59 1 f 5
63 60 1 f 2
63 61 1 f 17
63 62 1 f 2
63 63 1 f 3
63 64 1 f 2
64 1 1 f 3
64 2 1 f 2
64 3 2 f 3
64 4 1 f 2
64 5 3 f 13
64 6 1 f 2
64 7 1 f 3
64 8 1 f 2
64 9 2 f 3
64 10 1 f 2
64 11 1 f 5
64 12 1 f 2
64 13 1 f 3
64 14 1 f 2
64 15 2 f 3
64 16 1 f 2
64 17 1 f 31
64 18 1 f 2
64 19 1 f 3
64 20 1 f 2
64 21 1 f 5
64 22 1 f 2
64 23 1 f 19
64 24 1 f 2
64 25 1 f 3
64 26 1 f 2
64 27 1 f 37
64 28 1 f 2
64 29 2 f 37
64 30 1 f 2
64 31 1 f 3
64 32 1 f 2
64 33 2 f 3
64 34 1 f 2
64 35 1 f 7
64 36 1 f 2
64 37 1 f 3
64 38 1 f 2
64 39 2 f 3
64 40 1 f 2
64 41 1 f 5
64 42 1 f 2
64 43 1 f 3
64 44 1 f 2
64 45 1 f 109
64 46 1 f 2
64 47 1 f 43
64 48 1 f 2
64 49 1 f 3
64 50 1 f 2
64 51 1 f 5
64 52 1 f 2
64 53 2 f 5
64 54 1 f 2
64 55 1 f 3
64 56 1 f 2
64 57 1 f 179
64 58 1 f 2
64 59 2 f 179
64 60 1 f 2
64 61 1 f 3
64 62 1 f 2
64 63 1 f 7
64 64 1 f 2
64 65 1 f 23
65 1 1 f 31
65 2 1 f 2
65 3 1 f 3
65 4 1 f 2
65 5 1 f 5
65 6 1 f 2
65 7 2 f 5
65 8 1 f 2
65 9 1 f 3
65 10 1 f 2
65 11 1 f 41
65 12 1 f 2
65 13 1 f 23
65 14 1 f 2
65 15 1 f 3
65 16 1 f 2
65 17 1 f 17
65 18 1 f 2
65 19 1 f 7
65 20 1 f 2
65 21 1 f 3
65 22 1 f 2
65 23 2 f 3
65 24 1 f 2
65 25 1 f 5
65 26 1 f 2
65 27 1 f 3
65 28 1 f 2
65 29 1 f 457
65 30 1 f 2
65 31 1 f 61
65 32 1 f 2
65 33 1 f 3
65 34 1 f 2
65 35 1 f 5
65 36 1 f 2
65 37 2 f 5
65 38 1 f 2
65 39 1 f 3
65 40 1 f 2
65 41 1 f 29
65 42 1 f 2
65 43 2 f 29
65 44 1 f 2
65 45 1 f 3
65 46 1 f 2
65 47 1 f 7
65 48 1 f 2
65 49 1 f 43
65 50 1 f 2
65 51 1 f 3
65 52 1 f 2
65 53 1 f 71
65 54 1 f 2
65 55 1 f 5
65 56 1 f 2
65 57 1 f 3
65 58 1 f 2
65 59 1 f 23
65 60 1 f 2
65 61 1 f 7
65 62 1 f 2
65 63 1 f 3
65 64 1 f 2
65 65 1 f 5
65 66 1 f 2
66 1 1 f 3
66 2 1 f 2
66 3 1 f 5
66 4 1 f 2
66 5 2 f 5
66 6 1 f 2
66 7 1 f 3
66 8 1 f 2
66 9 2 f 3
66 10 1 f 2
66 11 5 f 17
66 12 1 f 2
66 13 1 f 3
66 14 1 f 2
66 15 1 f 7
66 16 1 f 2
66 17 2 f 7
66 18 1 f 2
66 19 1 f 3
66 20 1 f 2
66 21 2 f 3
66 22 1 f 2
66 23 1 f 5
66 24 1 f 2
66 25 1 f 3
66 26 1 f 2
66 27 2 f 3
66 28 1 f 2
66 29 1 f 7
66 30 1 f 2
66 31 1 f 3
66 32 1 f 2
66 33 1 f 5
66 34 1 f 2
66 35 1 f 79
66 36 1 f 2
66 37 1 f 3
66 38 1 f 2
66 39 2 f 3
66 40 1 f 2
66 41 1 f 59
66 42 1 f 2
66 43 1 f 3
66 44 1 f 2
66 45 2 f 3
66 46 1 f 2
66 47 1 f 23
66 48 1 f 2
66 49 1 f 3
66 50 1 f 2
66 51 1 f 29
66 52 1 f 2
66 53 1 f 5
66 54 1 f 2
66 55 1 f 3
66 56 1 f 2
66 57 1 f 7
66 58 1 f 2
66 59 1 f 11
66 60 1 f 2
66 61 1 f 3
66 62 1 f 2
66 63 1 f 5
66 64 1 f 2
66 65 1 f 37
66 66 1 f 2
66 67 1 f 3
67 1 2 f 5
67 2 1 f 2
67 3 1 f 3
67 4 1 f 2
67 5 2 f 3
67 6 1 f 2
67 7 1 f 7
67 8 1 f 2
67 9 1 f 3
67 10 1 f 2
67 11 1 f 17
67 12 1 f 2
67 13 1 f 29
67 14 1 f 2
67 15 1 f 3
67 16 1 f 2
67 17 1 f 11
67 18 1 f 2
67 19 1 f 5
67 20 1 f 2
67 21 1 f 3
67 22 1 f 2
67 23 1 f 23
67 24 1 f 2
67 25 1 f 151
67 26 1 f 2
67 27 1 f 3
67 28 1 f 2
67 29 1 f 5
67 30 1 f 2
67 31 2 f 5
67 32 1 f 2
67 33 1 f 3
67 34 1 f 2
67 35 1 f 7
67 36 1 f 2
67 37 1 f 19
67 38 1 f 2
67 39 1 f 3
67 40 1 f 2
67 41 1 f 53
67 42 1 f 2
67 43 1 f 13
67 44 1 f 2
67 45 1 f 3
67 46 1 f 2
67 47 1 f 157
67 48 1 f 2
67 49 1 f 5
67 50 1 f 2
67 51 1 f 3
67 52 1 f 2
67 53 2 f 3
67 54 1 f 2
67 55 3 f 5
67 56 1 f 2
67 57 1 f 3
67 58 1 f 2
67 59 1 f 5
67 60 1 f 2
67 61 1 f 11
67 62 1 f 2
67 63 1 f 3
67 64 1 f 2
67 65 2 f 3
67 66 1 f 2
67 67 1 f 67
67 68 1 f 2
68 1 1 f 3
68 2 1 f 2
68 3 1 f 17
68 4 1 f 2
68 5 1 f 7
68 6 1 f 2
68 7 1 f 3
68 8 1 f 2
68 9 1 f 149
68 10 1 f 2
68 11 1 f 5
68 12 1 f 2
68 13 1 f 3
68 14 1 f 2
68 15 1 f 19
68 16 1 f 2
68 17 1 f 241
68 18 1 f 2
68 19 1 f 3
68 20 1 f 2
68 21 1 f 5
68 22 1 f 2
68 23 2 f 5
68 24 1 f 2
68 25 1 f 3
68 26 1 f 2
68 27 1 f 53
68 28 1 f 2
68 29 1 f 433
68 30 1 f 2
68 31 1 f 3
68 32 1 f 2
68 33 1 f 7
68 34 1 f 2
68 35 2 f 7
68 36 1 f 2
68 37 1 f 3
68 38 1 f 2
68 39 1 f 373
68 40 1 f 2
68 41 1 f 5
68 42 1 f 2
68 43 1 f 3
68 44 1 f 2
68 45 1 f 13
68 46 1 f 2
68 47 1 f 7
68 48 1 f 2
68 49 1 f 3
68 50 1 f 2
68 51 1 f 5
68 52 1 f 2
68 53 1 f 19
68 54 1 f 2
68 55 1 f 3
68 56 1 f 2
68 57 2 f 3
68 58 1 f 2
68 59 3 f 19
68 60 1 f 2
68 61 1 f 3
68 62 1 f 2
68 63 2 f 3
68 64 1 f 2
68 65 1 f 11
68 66 1 f 2
68 67 1 f 3
68 68 1 f 2
68 69 1 f 37
69 1 1 f 7
69 2 1 f 2
69 3 1 f 3
69 4 1 f 2
69 5 1 f 5
69 6 1 f 2
69 7 1 f 11
69 8 1 f 2
69 9 1 f 3
69 10 1 f 2
69 11 1 f 73
69 12 1 f 2
69 13 2 f 73
69 14 1 f 2
69 15 1 f 3
69 16 1 f 2
69 17 1 f 23
69 18 1 f 2
69 19 1 f 59
69 20 1 f 2
69 21 1 f 3
69 22 1 f 2
69 23 1 f 13
69 24 1 f 2
69 25 1 f 5
69 26 1 f 2
69 27 1 f 3
69 28 1 f 2
69 29 1 f 7
69 30 1 f 2
69 31 2 f 7
69 32 1 f 2
69 33 1 f 3
69 34 1 f 2
69 35 1 f 5
69 36 1 f 2
69 37 1 f 71
69 38 1 f 2
69 39 1 f 3
69 40 1 f 2
69 41 1 f 919
69 42 1 f 2
69 43 1 f 7
69 44 1 f 2
69 45 1 f 3
69 46 1 f 2
69 47 1 f 19
69 48 1 f 2
69 49 1 f 13
69 50 1 f 2
69 51 1 f 3
69 52 1 f 2
69 53 1 f 251
69 54 1 f 2
69 55 1 f 5
69 56 1 f 2
69 57 1 f 3
69 58 1 f 2
69 59 1 f 113
69 60 1 f 2
69 61 1 f 67
69 62 1 f 2
69 63 1 f 3
69 64 1 f 2
69 65 1 f 5
69 66 1 f 2
69 67 2 f 5
69 68 1 f 2
69 69 1 f 3
69 70 1 f 2
70 1 1 f 3
70 2 1 f 2
70 3 1 f 5
70 4 1 f 2
70 5 1 f 13
70 6 1 f 2
70 7 1 f 3
70 8 1 f 2
70 9 1 f 23
70 10 1 f 2
70 11 1 f 37
70 12 1 f 2
70 13 1 f 3
70 14 1 f 2
70 15 1 f 61
70 16 1 f 2
70 17 1 f 211
70 18 1 f 2
70 19 1 f 3
70 20 1 f 2
70 21 1 f 7
70 22 1 f 2
70 23 1 f 5
70 24 1 f 2
70 25 1 f 3
70 26 1 f 2
70 27 2 f 3
70 28 1 f 2
70 29 1 f 109
70 30 1 f 2
70 31 1 f 3
70 32 1 f 2
70 33 1 f 5
70 34 1 f 2
70 35 1 f 7
70 36 1 f 2
70 37 1 f 3
70 38 1 f 2
70 39 1 f 167
70 40 1 f 2
70 41 2 f 167
70 42 1 f 2
70 43 1 f 3
70 44 1 f 2
70 45 1 f 11
70 46 1 f 2
70 47 1 f 47
70 48 1 f 2
70 49 1 f 3
70 50 1 f 2
70 51 2 f 3
70 52 1 f 2
70 53 1 f 5
70 54 1 f 2
70 55 1 f 3
70 56 1 f 2
70 57 1 f 13
70 58 1 f 2
70 59 2 f 13
70 60 1 f 2
70 61 1 f 3
70 62 1 f 2
70 63 1 f 5
70 64 1 f 2
70 65 2 f 5
70 66 1 f 2
70 67 1 f 3
70 68 1 f 2
70 69 2 f 3
70 70 1 f 2
70 71 1 f 347
71 1 2 f 5
71 2 1 f 2
71 3 1 f 3
71 4 1 f 2
71 5 1 f 7
71 6 1 f 2
71 7 2 f 7
71 8 1 f 2
71 9 1 f 3
71 10 1 f 2
71 11 1 f 11
71 12 1 f 2
71 13 2 f 11
71 14 1 f 2
71 15 1 f 3
71 16 1 f 2
71 17 2 f 3
71 18 1 f 2
71 19 1 f 5
71 20 1 f 2
71 21 1 f 3
71 22 1 f 2
71 23 2 f 3
71 24 1 f 2
71 25 1 f 419
71 26 1 f 2
71 27 1 f 3
71 28 1 f 2
71 29 1 f 5
71 30 1 f 2
71 31 1 f 31
71 32 1 f 2
71 33 1 f 3
71 34 1 f 2
71 35 2 f 3
71 36 1 f 2
71 37 1 f 67
71 38 1 f 2
71 39 1 f 3
71 40 1 f 2
71 41 1 f 163
71 42 1 f 2
71 43 1 f 43
71 44 1 f 2
71 45 1 f 3
71 46 1 f 2
71 47 1 f 7
71 48 1 f 2
71 49 1 f 5
71 50 1 f 2
71 51 1 f 3
71 52 1 f 2
71 53 2 f 3
71 54 1 f 2
71 55 1 f 11
71 56 1 f 2
71 57 1 f 3
71 58 1 f 2
71 59 1 f 5
71 60 1 f 2
71 61 1 f 7
71 62 1 f 2
71 63 1 f 3
71 64 1 f 2
71 65 2 f 3
71 66 1 f 2
71 67 3 f 7
71 68 1 f 2
71 69 1 f 3
71 70 1 f 2
71 71 1 f 71
71 72 1 f 2
72 1 1 f 3
72 2 1 f 2
72 3 1 f 97
72 4 1 f 2
72 5 1 f 67
72 6 1 f 2
72 7 1 f 3
72 8 1 f 2
72 9 1 f 11
72 10 1 f 2
72 11 1 f 5
72 12 1 f 2
72 13 1 f 3
72 14 1 f 2
72 15 1 f 7
72 16 1 f 2
72 17 2 f 7
72 18 1 f 2
72 19 1 f 3
72 20 1 f 2
72 21 1 f 5
72 22 1 f 2
72 23 2 f 5
72 24 1 f 2
72 25 1 f 3
72 26 1 f 2
72 27 1 f 13
72 28 1 f 2
72 29 1 f 7
72 30 1 f 2
72 31 1 f 3
72 32 1 f 2
72 33 1 f 103
72 34 1 f 2
72 35 1 f 17
72 36 1 f 2
72 37 1 f 3
72 38 1 f 2
72 39 1 f 19
72 40 1 f 2
72 41 1 f 5
72 42 1 f 2
72 43 1 f 3
72 44 1 f 2
72 45 2 f 3
72 46 1 f 2
72 47 1 f 41
72 48 1 f 2
72 49 1 f 3
72 50 1 f 2
72 51 1 f 5
72 52 1 f 2
72 53 1 f 11
72 54 1 f 2
72 55 1 f 3
72 56 1 f 2
72 57 1 f 7
72 58 1 f 2
72 59 2 f 7
72 60 1 f 2
72 61 1 f 3
72 62 1 f 2
72 63 2 f 3
72 64 1 f 2
72 65 4 f 5
72 66 1 f 2
72 67 1 f 3
72 68 1 f 2
72 69 1 f 17
72 70 1 f 2
72 71 1 f 5
72 72 1 f 2
72 73 1 f 3
73 1 1 f 439
73 2 1 f 2
73 3 1 f 3
73 4 1 f 2
73 5 1 f 5
73 6 1 f 2
73 7 1 f 7
73 8 1 f 2
73 9 1 f 3
73 10 1 f 2
73 11 2 f 3
73 12 1 f 2
73 13 1 f 13
73 14 1 f 2
73 15 1 f 3
73 16 1 f 2
73 17 1 f 17
73 18 1 f 2
73 19 1 f 19
73 20 1 f 2
73 21 1 f 3
73 22 1 f 2
73 23 2 f 3
73 24 1 f 2
73 25 1 f 5
73 26 1 f 2
73 27 1 f 3
73 28 1 f 2
73 29 2 f 3
73 30 1 f 2
73 31 3 f 5
73 32 1 f 2
73 33 1 f 3
73 34 1 f 2
73 35 1 f 5
73 36 1 f 2
73 37 1 f 37
73 38 1 f 2
73 39 1 f 3
73 40 1 f 2
73 41 2 f 3
73 42 1 f 2
73 43 3 f 37
73 44 1 f 2
73 45 1 f 3
73 46 1 f 2
73 47 2 f 3
73 48 1 f 2
73 49 1 f 7
73 50 1 f 2
73 51 1 f 3
73 52 1 f 2
73 53 2 f 3
73 54 1 f 2
73 55 1 f 5
73 56 1 f 2
73 57 1 f 3
73 58 1 f 2
73 59 1 f 179
73 60 1 f 2
73 61 2 f 179
73 62 1 f 2
73 63 1 f 3
73 64 1 f 2
73 65 1 f 5
73 66 1 f 2
73 67 1 f 373
73 68 1 f 2
73 69 1 f 3
73 70 1 f 2
73 71 1 f 11
73 72 1 f 2
73 73 1 f 73
73 74 1 f 2
74 1 1 f 3
74 2 1 f 2
74 3 1 f 5
74 4 1 f 2
74 5 1 f 7
74 6 1 f 2
74 7 1 f 3
74 8 1 f 2
74 9 2 f 3
74 10 1 f 2
74 11 1 f 13
74 12 1 f 2
74 13 1 f 3
74 14 1 f 2
74 15 1 f 17
74 16 1 f 2
74 17 1 f 19
74 18 1 f 2
74 19 1 f 3
74 20 1 f 2
74 21 1 f 263
74 22 1 f 2
74 23 1 f 5
74 24 1 f 2
74 25 1 f 3
74 26 1 f 2
74 27 1 f 61
74 28 1 f 2
74 29 1 f 43
74 30 1 f 2
74 31 1 f 3
74 32 1 f 2
74 33 1 f 5
74 34 1 f 2
74 35 1 f 37
74 36 1 f 2
74 37 1 f 3
74 38 1 f 2
74 39 2 f 3
74 40 1 f 2
74 41 1 f 11
74 42 1 f 2
74 43 1 f 3
74 44 1 f 2
74 45 1 f 23
74 46 1 f 2
74 47 1 f 7
74 48 1 f 2
74 49 1 f 3
74 50 1 f 2
74 51 1 f 389
74 52 1 f 2
74 53 1 f 5
74 54 1 f 2
74 55 1 f 3
74 56 1 f 2
74 57 1 f 71
74 58 1 f 2
74 59 1 f 41
74 60 1 f 2
74 61 1 f 3
74 62 1 f 2
74 63 1 f 5
74 64 1 f 2
74 65 1 f 53
74 66 1 f 2
74 67 1 f 3
74 68 1 f 2
74 69 2 f 3
74 70 1 f 2
74 71 1 f 73
74 72 1 f 2
74 73 1 f 3
74 74 1 f 2
74 75 1 f 7
75 1 1 f 7
75 2 1 f 2
75 3 1 f 3
75 4 1 f 2
75 5 1 f 29
75 6 1 f 2
75 7 1 f 13
75 8 1 f 2
75 9 1 f 3
75 10 1 f 2
75 11 1 f 17
75 12 1 f 2
75 13 1 f 19
75 14 1 f 2
75 15 1 f 3
75 16 1 f 2
75 17 1 f 167
75 18 1 f 2
75 19 1 f 5
75 20 1 f 2
75 21 1 f 3
75 22 1 f 2
75 23 2 f 3
75 24 1 f 2
75 25 1 f 11
75 26 1 f 2
75 27 1 f 3
75 28 1 f 2
75 29 1 f 5
75 30 1 f 2
75 31 1 f 37
75 32 1 f 2
75 33 1 f 3
75 34 1 f 2
75 35 2 f 3
75 36 1 f 2
75 37 3 f 37
75 38 1 f 2
75 39 1 f 3
75 40 1 f 2
75 41 1 f 71
75 42 1 f 2
75 43 1 f 7
75 44 1 f 2
75 45 1 f 3
75 46 1 f 2
75 47 1 f 11
75 48 1 f 2
75 49 1 f 5
75 50 1 f 2
75 51 1 f 3
75 52 1 f 2
75 53 1 f 283
75 54 1 f 2
75 55 2 f 283
75 56 1 f 2
75 57 1 f 3
75 58 1 f 2
75 59 1 f 5
75 60 1 f 2
75 61 1 f 83
75 62 1 f 2
75 63 1 f 3
75 64 1 f 2
75 65 1 f 23
75 66 1 f 2
75 67 1 f 73
75 68 1 f 2
75 69 1 f 3
75 70 1 f 2
75 71 1 f 7
75 72 1 f 2
75 73 2 f 7
75 74 1 f 2
75 75 1 f 3
75 76 1 f 2
76 1 1 f 3
76 2 1 f 2
76 3 1 f 17
76 4 1 f 2
76 5 1 f 19
76 6 1 f 2
76 7 1 f 3
76 8 1 f 2
76 9 1 f 71
76 10 1 f 2
76 11 1 f 5
76 12 1 f 2
76 13 1 f 3
76 14 1 f 2
76 15 1 f 11
76 16 1 f 2
76 17 2 f 11
76 18 1 f 2
76 19 1 f 3
76 20 1 f 2
76 21 1 f 5
76 22 1 f 2
76 23 1 f 37
76 24 1 f 2
76 25 1 f 3
76 26 1 f 2
76 27 2 f 3
76 28 1 f 2
76 29 3 f 37
76 30 1 f 2
76 31 1 f 3
76 32 1 f 2
76 33 2 f 3
76 34 1 f 2
76 35 1 f 7
76 36 1 f 2
76 37 1 f 3
76 38 1 f 2
76 39 1 f 173
76 40 1 f 2
76 41 1 f 5
76 42 1 f 2
76 43 1 f 3
76 44 1 f 2
76 45 2 f 3
76 46 1 f 2
76 47 3 f 5
76 48 1 f 2
76 49 1 f 3
76 50 1 f 2
76 51 1 f 5
76 52 1 f 2
76 53 2 f 5
76 54 1 f 2
76 55 1 f 3
76 56 1 f 2
76 57 1 f 193
76 58 1 f 2
76 59 1 f 11
76 60 1 f 2
76 61 1 f 3
76 62 1 f 2
76 63 1 f 7
76 64 1 f 2
76 65 1 f 127
76 66 1 f 2
76 67 1 f 3
76 68 1 f 2
76 69 2 f 3
76 70 1 f 2
76 71 1 f 5
76 72 1 f 2
76 73 1 f 3
76 74 1 f 2
76 75 2 f 3
76 76 1 f 2
76 77 1 f 7
77 1 1 f 23
77 2 1 f 2
77 3 1 f 3
77 4 1 f 2
77 5 1 f 5
77 6 1 f 2
77 7 1 f 37
77 8 1 f 2
77 9 1 f 3
77 10 1 f 2
77 11 1 f 587
77 12 1 f 2
77 13 2 f 587
77 14 1 f 2
77 15 1 f 3
77 16 1 f 2
77 17 1 f 11
77 18 1 f 2
77 19 1 f 7
77 20 1 f 2
77 21 1 f 3
77 22 1 f 2
77 23 1 f 199
77 24 1 f 2
77 25 1 f 5
77 26 1 f 2
77 27 1 f 3
77 28 1 f 2
77 29 1 f 31
77 30 1 f 2
77 31 1 f 67
77 32 1 f 2
77 33 1 f 3
77 34 1 f 2
77 35 1 f 5
77 36 1 f 2
77 37 1 f 131
77 38 1 f 2
77 39 1 f 3
77 40 1 f 2
77 41 1 f 79
77 42 1 f 2
77 43 1 f 29
77 44 1 f 2
77 45 1 f 3
77 46 1 f 2
77 47 1 f 7
77 48 1 f 2
77 49 2 f 7
77 50 1 f 2
77 51 1 f 3
77 52 1 f 2
77 53 1 f 163
77 54 1 f 2
77 55 1 f 5
77 56 1 f 2
77 57 1 f 3
77 58 1 f 2
77 59 2 f 3
77 60 1 f 2
77 61 1 f 7
77 62 1 f 2
77 63 1 f 3
77 64 1 f 2
77 65 1 f 5
77 66 1 f 2
77 67 1 f 103
77 68 1 f 2
77 69 1 f 3
77 70 1 f 2
77 71 2 f 3
77 72 1 f 2
77 73 3 f 103
77 74 1 f 2
77 75 1 f 3
77 76 1 f 2
77 77 2 f 3
77 78 1 f 2
