-- Core Lean 4 (no Mathlib). Integer core of the D5 kissing configuration.
def dot (u v : List Int) : Int := (List.zipWith (· * ·) u v).foldl (· + ·) 0

def d5Vecs : List (List Int) :=
  [[1,1,0,0,0],[1,-1,0,0,0],[-1,1,0,0,0],[-1,-1,0,0,0],
   [1,0,1,0,0],[1,0,-1,0,0],[-1,0,1,0,0],[-1,0,-1,0,0],
   [1,0,0,1,0],[1,0,0,-1,0],[-1,0,0,1,0],[-1,0,0,-1,0],
   [1,0,0,0,1],[1,0,0,0,-1],[-1,0,0,0,1],[-1,0,0,0,-1],
   [0,1,1,0,0],[0,1,-1,0,0],[0,-1,1,0,0],[0,-1,-1,0,0],
   [0,1,0,1,0],[0,1,0,-1,0],[0,-1,0,1,0],[0,-1,0,-1,0],
   [0,1,0,0,1],[0,1,0,0,-1],[0,-1,0,0,1],[0,-1,0,0,-1],
   [0,0,1,1,0],[0,0,1,-1,0],[0,0,-1,1,0],[0,0,-1,-1,0],
   [0,0,1,0,1],[0,0,1,0,-1],[0,0,-1,0,1],[0,0,-1,0,-1],
   [0,0,0,1,1],[0,0,0,1,-1],[0,0,0,-1,1],[0,0,0,-1,-1]]

theorem d5Vecs_kissing_config :
    d5Vecs.length = 40 ∧
    d5Vecs.all (fun v => v.length == 5) = true ∧
    d5Vecs.all (fun v => dot v v == 2) = true ∧
    d5Vecs.Nodup ∧
    d5Vecs.Pairwise (fun u v => dot u v ≤ 1) := by
  decide
