N=100000  S(N)=1.7604
 theta-bin      count    HL_int   ratio_int   HL_crude  ratio_crude
 [0.05,0.10)      1171     1208.6   0.969         489.4   2.393
 [0.10,0.15)         0        0.0   nan           0.0   nan
 [0.15,0.20)       340      342.6   0.992         228.3   1.489
 [0.20,0.25)       519      535.3   0.970         387.6   1.339
 [0.25,0.30)       400      400.7   0.998         299.1   1.337
 [0.30,0.35)       290      301.6   0.961         226.7   1.279
 [0.35,0.40)       349      346.0   1.009         258.9   1.348
 [0.40,0.45)       327      356.3   0.918         263.5   1.241
 [0.45,0.50)       351      365.3   0.961         265.6   1.321
 total            3747     3856.5   0.972        2419.1   1.549
N=1000000  S(N)=1.7604
 theta-bin      count    HL_int   ratio_int   HL_crude  ratio_crude
 [0.05,0.10)      7894     7905.4   0.999        3340.0   2.363
 [0.10,0.15)      2214     2194.4   1.009        1533.6   1.444
 [0.15,0.20)      2494     2491.0   1.001        1885.8   1.323
 [0.20,0.25)      3356     3345.7   1.003        2634.7   1.274
 [0.25,0.30)      2344     2362.5   0.992        1893.2   1.238
 [0.30,0.35)      2290     2311.5   0.991        1853.2   1.236
 [0.35,0.40)      2382     2480.2   0.960        1973.3   1.207
 [0.40,0.45)      2214     2312.3   0.958        1815.3   1.220
 [0.45,0.50)      2172     2309.5   0.940        1781.7   1.219
 total           27360    27712.5   0.987       18710.7   1.462
N=2000010  S(N)=3.5514
 theta-bin      count    HL_int   ratio_int   HL_crude  ratio_crude
 [0.00,0.05)         0        0.0   nan           0.0   nan
 [0.05,0.10)         0        0.0   nan           0.0   nan
 [0.10,0.15)      7830     7882.7   0.993        5567.1   1.406
 [0.15,0.20)     12003    12048.7   0.996        9294.4   1.291
 [0.20,0.25)     10212    10295.1   0.992        8255.0   1.237
 [0.25,0.30)      9329     9375.0   0.995        7625.0   1.223
 [0.30,0.35)      8684     8773.3   0.990        7134.2   1.217
 [0.35,0.40)      8243     8240.8   1.000        6648.4   1.240
 [0.40,0.45)      8187     8435.0   0.971        6717.1   1.219
 [0.45,0.50)      7886     8142.8   0.968        6375.9   1.237
 total           72374    73193.5   0.989       57617.1   1.256
