decade  A(n in [10^d,10^{d+1}))  B  B/A  sumHeur(stated)/A  sumHeur2/A  fail_p<=4  fail_p>4  failslack(J-2v)=0..7
0 Aprime=0 Bprime=0 Bprime/Aprime=0.00000 Bminslack0..7: 0 0 0 0 0 0 0 0 | 0 1 0 0.00000 0.00000 0.00000 0 1 | 1 0 0 0 0 0 0 0
1 Aprime=0 Bprime=0 Bprime/Aprime=0.00000 Bminslack0..7: 0 0 0 0 0 0 0 0 | 1 6 0 0.00000 0.00000 0.00000 0 6 | 6 0 0 0 0 0 0 0
2 Aprime=2 Bprime=1 Bprime/Aprime=0.50000 Bminslack0..7: 2 1 0 0 0 0 0 0 | 2 75 3 0.04000 0.00661 0.08300 14 58 | 56 4 6 3 3 0 0 0
3 Aprime=22 Bprime=4 Bprime/Aprime=0.18182 Bminslack0..7: 48 4 0 0 0 0 0 0 | 3 906 52 0.05740 0.00607 0.10980 118 736 | 688 45 29 22 16 9 32 13
4 Aprime=315 Bprime=137 Bprime/Aprime=0.43492 Bminslack0..7: 721 129 8 0 0 0 0 0 | 4 9953 858 0.08621 0.00916 0.10595 697 8398 | 7623 482 268 135 134 91 115 247
5 Aprime=3866 Bprime=1798 Bprime/Aprime=0.46508 Bminslack0..7: 8494 1665 124 9 0 0 0 0 | 5 105182 10292 0.09785 0.01017 0.10870 4148 90742 | 80096 6063 2714 1355 1027 530 887 2218
6 Aprime=43308 Bprime=22230 Bprime/Aprime=0.51330 Bminslack0..7: 93033 20242 1869 108 11 0 0 0 | 6 1086248 115263 0.10611 0.01108 0.10904 24038 946947 | 834388 63210 26451 12527 8736 3686 3880 18107
7 Aprime=470231 Bprime=255251 Bprime/Aprime=0.54282 Bminslack0..7: 982957 227300 26184 1673 85 9 0 0 | 7 11078128 1238208 0.11177 0.01193 0.11043 137743 9702177 | 8537546 649969 263451 123785 51353 58833 15470 139513
8 Aprime=0 Bprime=0 Bprime/Aprime=0.00000 Bminslack0..7: 0 0 0 0 0 0 0 0 | 8 0 0 0.00000 0.00000 0.00000 0 0 | 0 0 0 0 0 0 0 0
cumulative: A=12280499 B=1364676 B/A=0.11113
